|                      |       |                 | NoPileUp                       | 50PileUp                       | 140PileUp                      |
|           Background | QCUT  | Sigma [pb]      | Events [Mil] (Lumi [1/fb])     | Events [Mil] (Lumi [1/fb])     | Events [Mil] (Lumi [1/fb])     |
|      DIPHOTONS_13TEV | 40    | 98.7            | 0.872 (8.84)                   | 0.852 (8.64)                   | 0.814 (8.25)                   |
|     PHOTONJETS_13TEV | 40    | 8.04e+04        | 0.165 (0.00205)                | 0.163 (0.00203)                | 0.156 (0.00195)                |
|       SSWWJETS_13TEV | 40    | 0.0375          | 1.59 (4.24e+04)                | 1.59 (4.24e+04)                | 1.56 (4.15e+04)                |
|         TTBARW_13TEV | 80    | 0.576           | 1.28 (2.22e+03)                | 1.26 (2.19e+03)                | 1.25 (2.17e+03)                |
|          TTBAR_13TEV | 80    | 517             | 0.748 (1.45)                   | 0.749 (1.45)                   | 0.749 (1.45)                   |
|         TTBARZ_13TEV | 80    | 0.643           | 0.0451 (70.1)                  | 0.0451 (70.2)                  | 0.0524 (81.5)                  |
|        TTBARWW_13TEV | 80    | 0.0116          | 0.0656 (5.65e+03)              | 0.053 (4.56e+03)               | 0.0607 (5.23e+03)              |
|         WGJETS_13TEV | 40    | 255             | 1.22 (4.79)                    | 1.25 (4.89)                    | 1.2 (4.73)                     |
|          WJETS_13TEV | 40    | 3.5e+04         | 1.09 (0.0313)                  | 1.05 (0.03)                    | 1.04 (0.0299)                  |
|         WWJETS_13TEV | 40    | 48.1            | 1.15 (23.9)                    | 1.12 (23.2)                    | 1.08 (22.5)                    |
|            WWW_13TEV | 40    | 0.223           | 1.3 (5.85e+03)                 | 1.27 (5.73e+03)                | 1.23 (5.51e+03)                |
|            WWZ_13TEV | 40    | 0.161           | 1.33 (8.26e+03)                | 1.33 (8.23e+03)                | 1.28 (7.97e+03)                |
|     WZ3LNUJETS_13TEV | 40    | 1.14            | 0.94 (826)                     | 0.899 (791)                    | 0.876 (770)                    |
|         WZJETS_13TEV | 40    | 12.7            | 1.05 (82.4)                    | 1.02 (80.1)                    | 0.984 (77.3)                   |
|            WZZ_13TEV | 40    | 0.052           | 0.735 (1.41e+04)               | 0.735 (1.41e+04)               | 0.723 (1.39e+04)               |
|         ZGJETS_13TEV | 40    | 67.4            | 1.23 (18.3)                    | 1.17 (17.3)                    | 1.15 (17)                      |
|          ZJETS_13TEV | 40    | 3.36e+03        | 0.874 (0.26)                   | 0.832 (0.248)                  | 0.827 (0.246)                  |
|       ZZ4LJETS_13TEV | 40    | 0.107           | 1.04 (9.74e+03)                | 1.02 (9.58e+03)                | 1 (9.41e+03)                   |
|         ZZJETS_13TEV | 40    | 1.79            | 0.991 (553)                    | 0.981 (547)                    | 0.981 (548)                    |
|            ZZZ_13TEV | 40    | 0.0107          | 0.842 (7.84e+04)               | 0.828 (7.71e+04)               | 0.799 (7.44e+04)               |
|||||||
|      DIPHOTONS_33TEV | 40    | 249             | 1.1 (4.41)                     | 1.06 (4.25)                    | 0.72 (2.89)                    |
|     PHOTONJETS_33TEV | 40    | 2.23e+05        | 0.245 (0.0011)                 | 0.243 (0.00109)                | 0.174 (0.000778)               |
|       SSWWJETS_33TEV | 40    | 0.162           | 1.52 (9.44e+03)                | 1.5 (9.28e+03)                 | 1.22 (7.55e+03)                |
|         TTBARW_33TEV | 80    | 3.32            | 1.31 (393)                     | 1.26 (379)                     | 1.03 (310)                     |
|         TTBARZ_33TEV | 80    | 6.21            | 0.0386 (6.23)                  | 0.0399 (6.44)                  | 0.0373 (6)                     |
|      TTBARJets_33TEV | 80    | 4.07e+03        | 0.913 (0.224)                  | 0.875 (0.215)                  | 0.635 (0.156)                  |
|         WGJETS_33TEV | 40    | 617             | 1.63 (2.64)                    | 1.53 (2.49)                    | 1.04 (1.69)                    |
|       wjetsmad_33TEV | 40    | 8.27e+04        | 1.33 (0.0161)                  | 1.24 (0.015)                   | 0.939 (0.0113)                 |
|            WWW_33TEV | 40    | 1.05            | 1.3 (1.24e+03)                 | 1.23 (1.17e+03)                | 0.847 (807)                    |
|            WWZ_33TEV | 40    | 0.811           | 1.56 (1.92e+03)                | 1.48 (1.83e+03)                | 1.02 (1.25e+03)                |
|             WW_33TeV | 40    | 159             | 1.85 (11.7)                    | 1.5 (9.42)                     | 1.12 (7.01)                    |
|     WZ3LNUJETS_33TEV | 40    | 3.46            | 1.14 (330)                     | 1.1 (317)                      | 0.764 (221)                    |
|            WZZ_33TEV | 40    | 0.276           | 0.945 (3.43e+03)               | 0.927 (3.36e+03)               | 0.645 (2.34e+03)               |
|             WZ_33TeV | 40    | 47.8            | 1.72 (36.1)                    | 1.45 (30.2)                    | 1.05 (22)                      |
|         ZGJETS_33TEV | 40    | 167             | 1.63 (9.78)                    | 1.53 (9.15)                    | 1.05 (6.27)                    |
|          ZJETS_33TEV | 40    | 7.87e+03        | 0.503 (0.0639)                 | 0.528 (0.0671)                 | 0.536 (0.0682)                 |
|       ZZ4LJETS_33TEV | 40    | 0.277           | 1.29 (4.65e+03)                | 1.24 (4.47e+03)                | 0.865 (3.12e+03)               |
|         ZZJETS_33TEV | 40    | 5.02            | 1.3 (259)                      | 1.24 (248)                     | 0.903 (180)                    |
|            ZZZ_33TEV | 40    | 0.0462          | 1.02 (2.22e+04)                | 0.996 (2.16e+04)               | 0.692 (1.5e+04)                |


cos(b-a)=-0.5 , b=0.7853981633974483
m=500
type 2 2HDM
14 TeV
m(h)=126GeV

| HWW_14TEV_500      || 1.617  | = 9.556630212421053 * 0.16922366923096466
| HZZ_14TEV_500      || .7731  | = 9.556630212421053 * 0.08089263309392267
| AZh_14TEV_tata_500 || .1448  | = 9.77 * 0.2409979781164559 * 6.15E-02
| AZh_14TEV_bb_500   || 1.321  | = 9.77 * 0.2409979781164559 * 5.61E-01
| AZh_14TEV_ww_500   || .5439  | = 9.77 * 0.2409979781164559 * 2.31E-01
| AZh_14TEV_zz_500   || .06805 | = 9.77 * 0.2409979781164559 * 2.89E-02
